 0  1  2  3  4  5  6  7  8  9 10    1      0.00     25.50     25.50    212.15    263.14  1
 0  1  2  3  4  5  6  7  8  9 10    2     43.10     26.93     25.50    217.31    312.83  1
 0  1  2  3  4  5  6  7  8  9 10    3     80.69     44.60     25.50    172.78    323.56  1
 0  1  2  3  4  5  6  7  8  9 10    4    163.72     23.43     25.50    149.35    361.99  0
 0  1  2  4  3  5  6  7  8  9 10    4    136.69     20.00     25.50    167.86    350.05  0
 0  1  2  5  4  3  6  7  8  9 10    4    125.29     20.52     25.50    152.26    323.56  1
 0  1  2  5  4  3  6  7  8  9 10    5    145.81     20.00     25.50    149.05    340.36  0
 0  1  2  5  3  4  6  7  8  9 10    5    169.68     23.43     25.50    128.83    347.43  0
 0  1  2  5  6  3  4  7  8  9 10    5    212.42     59.20     59.94     93.06    424.62  0
 0  1  2  5  7  3  6  4  8  9 10    5    163.31      5.39     25.50    153.23    347.42  0
 0  1  2  5  8  3  6  7  4  9 10    5    158.31      5.39     25.50    149.86    339.05  0
 0  1  2  5  9  3  6  7  8  4 10    5    178.43     20.81     25.50    131.45    356.19  0
 0  1  2  5 10  3  6  7  8  9  4    5    151.31     20.00     25.50    135.90    332.71  1
 0  1  2  5 10  3  6  7  8  9  4    6    174.74     27.07     25.50    108.83    336.14  1
 0  1  2  5 10  3  6  7  8  9  4    7    278.75     59.20     59.94     49.62    447.52  0
 0  1  2  5 10  3  7  6  8  9  4    7    219.92      5.39     25.50    109.80    360.60  0
 0  1  2  5 10  3  8  7  6  9  4    7    219.69      5.39     25.50    106.43    357.00  0
 0  1  2  5 10  3  9  7  8  6  4    7    214.97     20.81     25.50     88.02    349.29  0
 0  1  2  5 10  3  4  7  8  9  6    7    201.82     23.43     25.50     85.40    336.14  1
 0  1  2  5 10  3  4  7  8  9  6    8    228.24      5.39     25.50     86.37    345.49  0
 0  1  2  5 10  3  4  8  7  9  6    8    225.25      5.39     25.50     80.01    336.14  1
 0  1  2  5 10  3  4  8  7  9  6    9    230.63     20.81     25.50     68.35    345.29  0
 0  1  2  5 10  3  4  8  9  7  6    9    250.74     20.81     25.50     59.20    356.25  0
 0  1  2  5 10  3  4  8  6  9  7    9    286.12     59.20     59.94     20.81    426.08  0
 0  1  2  5 10  3  4  9  8  7  6    8    237.04     20.81     25.50     64.59    347.94  0
 0  1  2  5 10  3  4  6  8  9  7    8    285.97     59.20     59.94     26.19    431.30  0
 0  1  2  5 10  6  3  7  8  9  4    6    255.28     59.20     59.94     76.70    451.12  0
 0  1  2  5 10  7  6  3  8  9  4    6    197.64      5.39     25.50    136.88    365.39  0
 0  1  2  5 10  8  6  7  3  9  4    6    194.73      5.39     25.50    133.51    359.11  0
 0  1  2  5 10  9  6  7  8  3  4    6    202.94     20.81     25.50    115.09    364.33  0
 0  1  2  5 10  4  6  7  8  9  3    6    171.31     23.43     25.50    125.62    345.86  0
 0  1  2  6  4  5  3  7  8  9 10    4    139.83     59.20     59.94    113.57    372.55  0
 0  1  2  7  4  5  6  3  8  9 10    4    129.46      5.39     25.50    173.75    334.09  1
 0  1  2  7  4  5  6  3  8  9 10    5    155.88     20.00     25.50    168.84    370.21  0
 0  1  2  7  5  4  6  3  8  9 10    5    167.47     20.52     25.50    153.23    366.72  0
 0  1  2  7  6  5  4  3  8  9 10    5    188.66     60.88     60.88    112.87    423.29  0
 0  1  2  7  3  5  6  4  8  9 10    5    174.64     23.43     25.50    150.32    373.88  0
 0  1  2  7  8  5  6  3  4  9 10    5    134.84     23.43     25.50    167.53    351.30  0
 0  1  2  7  9  5  6  3  8  4 10    5    150.27     25.50     25.50    148.26    349.51  0
 0  1  2  7 10  5  6  3  8  9  4    5    175.78     20.00     25.50    157.40    378.67  0
 0  1  2  8  4  5  6  7  3  9 10    4    125.47      5.39     25.50    170.38    326.73  1
 0  1  2  8  4  5  6  7  3  9 10    5    148.90     20.00     25.50    167.47    361.87  0
 0  1  2  8  5  4  6  7  3  9 10    5    158.49     20.52     25.50    149.86    354.36  0
 0  1  2  8  6  5  4  7  3  9 10    5    186.35     59.20     59.94    111.18    416.67  0
 0  1  2  8  7  5  6  4  3  9 10    5    130.86     20.81     25.50    167.53    344.69  0
 0  1  2  8  3  5  6  7  4  9 10    5    170.42     23.43     25.50    146.95    366.29  0
 0  1  2  8  9  5  6  7  3  4 10    5    150.97     20.81     25.50    149.57    346.84  0
 0  1  2  8 10  5  6  7  3  9  4    5    168.89     20.00     25.50    154.02    368.41  0
 0  1  2  9  4  5  6  7  8  3 10    4    150.16     20.81     25.50    151.97    348.43  0
 0  1  2 10  4  5  6  7  8  9  3    4    150.55     20.00     25.50    156.42    352.47  0
 0  1  3  2  4  5  6  7  8  9 10    3    115.12     23.43     25.50    193.88    357.92  0
 0  1  4  3  2  5  6  7  8  9 10    3     93.43     20.00     25.50    212.39    351.32  0
 0  1  5  3  4  2  6  7  8  9 10    3     96.77     20.52     25.50    196.97    339.75  0
 0  1  6  3  4  5  2  7  8  9 10    3     77.16     59.14     59.94    158.17    354.41  0
 0  1  7  3  4  5  6  2  8  9 10    3     70.03      5.39     25.50    216.61    317.52  1
 0  1  7  3  4  5  6  2  8  9 10    4    115.21     23.43     25.50    193.18    357.31  0
 0  1  7  4  3  5  6  2  8  9 10    4     96.45     20.00     25.50    211.69    353.64  0
 0  1  7  5  4  3  6  2  8  9 10    4    108.04     20.52     25.50    196.27    350.33  0
 0  1  7  6  4  5  3  2  8  9 10    4    129.23     59.14     60.88    157.47    406.72  0
 0  1  7  2  4  5  6  3  8  9 10    4    118.80     44.60     25.50    173.75    362.64  0
 0  1  7  8  4  5  6  2  3  9 10    4     75.42     23.43     25.50    202.91    327.25  1
 0  1  7  8  4  5  6  2  3  9 10    5     98.85     20.00     25.50    193.41    337.75  0
 0  1  7  8  5  4  6  2  3  9 10    5    108.43     20.52     25.50    193.79    348.24  0
 0  1  7  8  6  5  4  2  3  9 10    5    136.29     59.14     60.88    143.78    400.08  0
 0  1  7  8  2  5  6  4  3  9 10    5    120.19     44.60     25.50    167.53    357.81  0
 0  1  7  8  3  5  6  2  4  9 10    5    120.36     23.43     25.50    179.48    348.77  0
 0  1  7  8  9  5  6  2  3  4 10    5    100.91     35.23     25.50    167.68    329.32  1
 0  1  7  8  9  5  6  2  3  4 10    6    154.05     20.52     25.50    158.57    358.63  0
 0  1  7  8  9  6  5  2  3  4 10    6    169.26     59.14     77.47    108.55    414.41  0
 0  1  7  8  9  2  6  5  3  4 10    6    170.37     44.60     25.50    148.10    388.56  0
 0  1  7  8  9  3  6  2  5  4 10    6    141.13     23.43     25.50    144.25    334.31  1
 0  1  7  8  9  3  6  2  5  4 10    7    245.14     59.14     77.47     85.12    466.86  0
 0  1  7  8  9  3  2  6  5  4 10    7    224.16     44.60     25.50    124.67    418.92  0
 0  1  7  8  9  3  5  2  6  4 10    7    185.52     20.52     25.50    135.14    366.67  0
 0  1  7  8  9  3  4  2  5  6 10    7    168.21     20.00     25.50    129.75    343.46  0
 0  1  7  8  9  3 10  2  5  4  6    7    164.57     20.00     25.50    124.25    334.31  1
 0  1  7  8  9  3 10  2  5  4  6    8    234.42     44.60     25.50    104.67    409.18  0
 0  1  7  8  9  3 10  5  2  4  6    8    190.58     20.52     25.50    115.14    351.73  0
 0  1  7  8  9  3 10  4  5  2  6    8    184.57     20.52     25.50    103.73    334.31  1
 0  1  7  8  9  3 10  4  5  2  6    9    205.08     44.60     25.50     59.14    334.31  1
 0  1  7  8  9  3 10  4  5  2  6   10    249.68     59.14     25.50      0.00    334.31  1
 0  1  7  8  9  3 10  4  5  6  2   10    292.22     59.14     77.47      0.00    428.82  0
 0  1  7  8  9  3 10  4  2  5  6    9    240.57     44.60     25.50     87.13    397.79  0
 0  1  7  8  9  3 10  4  6  2  5    9    268.71     59.14     77.47     44.60    449.91  0
 0  1  7  8  9  3 10  6  5  4  2    8    268.53     59.14     77.47     65.12    470.25  0
 0  1  7  8  9  4  6  2  3  5 10    6    136.14     20.00     25.50    153.18    334.82  0
 0  1  7  8  9 10  6  2  3  4  5    6    152.53     20.00     25.50    151.33    349.36  0
 0  1  7  8 10  5  6  2  3  9  4    5    118.83     20.00     25.50    186.55    350.88  0
 0  1  7  9  4  5  6  2  8  3 10    4     90.84     25.50     25.50    191.11    332.94  1
 0  1  7  9  4  5  6  2  8  3 10    5    126.07     20.00     25.50    186.20    357.76  0
 0  1  7  9  5  4  6  2  8  3 10    5    143.98     20.52     25.50    170.77    360.77  0
 0  1  7  9  6  5  4  2  8  3 10    5    159.19     59.14     63.56    131.98    413.87  0
 0  1  7  9  2  5  6  4  8  3 10    5    160.30     44.60     25.50    148.26    378.65  0
 0  1  7  9  8  5  6  2  4  3 10    5    116.33     23.43     25.50    167.68    332.94  1
 0  1  7  9  8  5  6  2  4  3 10    6    149.35     20.52     25.50    158.57    353.93  0
 0  1  7  9  8  6  5  2  4  3 10    6    177.21     59.14     77.47    108.55    422.36  0
 0  1  7  9  8  2  6  5  4  3 10    6    161.11     44.60     25.50    148.10    379.30  0
 0  1  7  9  8  4  6  2  5  3 10    6    139.76     20.00     25.50    153.18    338.44  0
 0  1  7  9  8  3  6  2  4  5 10    6    161.28     23.43     25.50    144.25    354.46  0
 0  1  7  9  8 10  6  2  4  3  5    6    159.75     20.00     25.50    151.33    356.57  0
 0  1  7  9  3  5  6  2  8  4 10    5    131.06     23.43     25.50    167.68    347.67  0
 0  1  7  9 10  5  6  2  8  3  4    5    142.46     20.00     25.50    174.76    362.71  0
 0  1  7 10  4  5  6  2  8  9  3    4    116.36     20.00     25.50    200.25    362.10  0
 0  1  8  3  4  5  6  7  2  9 10    3     70.56      5.39     25.50    214.91    316.35  1
 0  1  8  3  4  5  6  7  2  9 10    4    115.51     23.43     25.50    191.48    355.91  0
 0  1  8  4  3  5  6  7  2  9 10    4     93.99     20.00     25.50    212.01    351.49  0
 0  1  8  5  4  3  6  7  2  9 10    4    103.58     20.52     25.50    198.56    348.15  0
 0  1  8  6  4  5  3  7  2  9 10    4    131.44     59.14     59.94    155.78    406.29  0
 0  1  8  7  4  5  6  3  2  9 10    4     75.95     20.81     25.50    202.91    325.16  1
 0  1  8  7  4  5  6  3  2  9 10    5    102.37     20.00     25.50    193.41    341.27  0
 0  1  8  7  5  4  6  3  2  9 10    5    113.96     20.52     25.50    193.79    353.77  0
 0  1  8  7  6  5  4  3  2  9 10    5    135.15     59.14     60.88    143.78    398.94  0
 0  1  8  7  3  5  6  4  2  9 10    5    121.13     23.43     25.50    179.48    349.53  0
 0  1  8  7  2  5  6  3  4  9 10    5    124.71     44.60     25.50    167.53    362.34  0
 0  1  8  7  9  5  6  3  2  4 10    5     96.76     35.23     25.50    167.68    325.16  1
 0  1  8  7  9  5  6  3  2  4 10    6    149.90     20.52     25.50    158.57    354.48  0
 0  1  8  7  9  6  5  3  2  4 10    6    165.11     59.14     77.47    108.55    410.26  0
 0  1  8  7  9  3  6  5  2  4 10    6    136.98     23.43     25.50    144.25    330.16  1
 0  1  8  7  9  3  6  5  2  4 10    7    240.99     59.14     77.47     85.12    462.71  0
 0  1  8  7  9  3  5  6  2  4 10    7    181.37     20.52     25.50    135.14    362.52  0
 0  1  8  7  9  3  2  5  6  4 10    7    220.01     44.60     25.50    124.67    414.77  0
 0  1  8  7  9  3  4  5  2  6 10    7    164.06     20.00     25.50    129.75    339.30  0
 0  1  8  7  9  3 10  5  2  4  6    7    160.41     20.00     25.50    124.25    330.16  1
 0  1  8  7  9  3 10  5  2  4  6    8    186.43     20.52     25.50    115.14    347.58  0
 0  1  8  7  9  3 10  2  5  4  6    8    230.27     44.60     25.50    104.67    405.03  0
 0  1  8  7  9  3 10  4  2  5  6    8    180.41     20.52     25.50    103.73    330.16  1
 0  1  8  7  9  3 10  4  2  5  6    9    236.41     44.60     25.50     87.13    393.64  0
 0  1  8  7  9  3 10  4  5  2  6    9    200.93     44.60     25.50     59.14    330.16  1
 0  1  8  7  9  3 10  4  5  2  6   10    245.53     59.14     25.50      0.00    330.16  1
 0  1  8  7  9  3 10  4  5  6  2   10    288.06     59.14     77.47      0.00    424.66  0
 0  1  8  7  9  3 10  4  6  5  2    9    264.56     59.14     77.47     44.60    445.76  0
 0  1  8  7  9  3 10  6  2  4  5    8    264.38     59.14     77.47     65.12    466.10  0
 0  1  8  7  9  2  6  3  5  4 10    6    166.22     44.60     25.50    148.10    384.41  0
 0  1  8  7  9  4  6  3  2  5 10    6    131.99     20.00     25.50    153.18    330.66  0
 0  1  8  7  9 10  6  3  2  4  5    6    148.38     20.00     25.50    151.33    345.20  0
 0  1  8  7 10  5  6  3  2  9  4    5    122.27     20.00     25.50    186.55    354.32  0
 0  1  8  2  4  5  6  7  3  9 10    4    115.34     44.60     25.50    170.38    355.81  0
 0  1  8  9  4  5  6  7  2  3 10    4     96.06     20.81     25.50    194.10    336.46  0
 0  1  8 10  4  5  6  7  2  9  3    4    113.98     20.00     25.50    198.55    358.03  0
 0  1  9  3  4  5  6  7  8  2 10    3     85.15     20.81     25.50    196.50    327.95  1
 0  1  9  3  4  5  6  7  8  2 10    4    125.38     23.43     25.50    173.07    347.37  0
 0  1  9  4  3  5  6  7  8  2 10    4    120.38     20.00     25.50    191.58    357.46  0
 0  1  9  5  4  3  6  7  8  2 10    4    138.29     20.52     25.50    176.16    360.47  0
 0  1  9  6  4  5  3  7  8  2 10    4    153.50     59.14     59.94    137.36    409.94  0
 0  1  9  7  4  5  6  3  8  2 10    4    105.96      5.39     25.50    191.11    327.95  1
 0  1  9  7  4  5  6  3  8  2 10    5    132.38     20.00     25.50    186.20    364.07  0
 0  1  9  7  5  4  6  3  8  2 10    5    143.97     20.52     25.50    170.77    360.76  0
 0  1  9  7  6  5  4  3  8  2 10    5    165.16     59.14     63.56    131.98    419.84  0
 0  1  9  7  3  5  6  4  8  2 10    5    151.14     23.43     25.50    167.68    367.75  0
 0  1  9  7  8  5  6  3  4  2 10    5    111.35     23.43     25.50    167.68    327.95  1
 0  1  9  7  8  5  6  3  4  2 10    6    144.36     20.52     25.50    158.57    348.94  0
 0  1  9  7  8  6  5  3  4  2 10    6    172.22     59.14     77.47    108.55    417.37  0
 0  1  9  7  8  3  6  5  4  2 10    6    156.29     23.43     25.50    144.25    349.47  0
 0  1  9  7  8  4  6  3  5  2 10    6    134.78     20.00     25.50    153.18    333.46  0
 0  1  9  7  8  2  6  3  4  5 10    6    156.12     44.60     25.50    148.10    374.31  0
 0  1  9  7  8 10  6  3  4  2  5    6    154.76     20.00     25.50    151.33    351.58  0
 0  1  9  7  2  5  6  3  8  4 10    5    154.73     44.60     25.50    148.26    373.08  0
 0  1  9  7 10  5  6  3  8  2  4    5    152.29     20.00     25.50    174.76    372.54  0
 0  1  9  8  4  5  6  7  3  2 10    4    110.65      5.39     25.50    194.10    335.63  0
 0  1  9  2  4  5  6  7  8  3 10    4    154.61     44.60     25.50    151.97    376.68  0
 0  1  9 10  4  5  6  7  8  2  3    4    136.78     20.00     25.50    180.14    362.41  0
 0  1 10  3  4  5  6  7  8  9  2    3    113.11     20.00     25.50    200.95    359.56  0
 0  2  1  3  4  5  6  7  8  9 10    2     77.47     37.59     25.50    174.56    315.11  1
 0  2  1  3  4  5  6  7  8  9 10    3    115.06     26.93     25.50    172.78    340.25  0
 0  2  3  1  4  5  6  7  8  9 10    3    160.49     23.43     25.50    151.13    360.54  0
 0  2  4  3  1  5  6  7  8  9 10    3    133.47     20.00     25.50    169.64    348.60  0
 0  2  5  3  4  1  6  7  8  9 10    3    122.06     20.52     25.50    154.04    322.12  1
 0  2  5  3  4  1  6  7  8  9 10    4    166.45     23.43     25.50    130.61    345.98  0
 0  2  5  4  3  1  6  7  8  9 10    4    142.58     20.00     25.50    150.83    338.91  0
 0  2  5  1  4  3  6  7  8  9 10    4    175.73     26.93     25.50    152.26    380.41  0
 0  2  5  6  4  1  3  7  8  9 10    4    209.20     34.06     43.10    119.98    406.34  0
 0  2  5  7  4  1  6  3  8  9 10    4    160.08      5.39     25.50    153.87    344.83  0
 0  2  5  8  4  1  6  7  3  9 10    4    155.08      5.39     25.50    151.64    337.60  0
 0  2  5  9  4  1  6  7  8  3 10    4    175.21     20.81     25.50    133.23    354.74  0
 0  2  5 10  4  1  6  7  8  9  3    4    148.08     20.00     25.50    137.68    331.26  0
 0  2  6  3  4  5  1  7  8  9 10    3    136.60     34.06     43.10    140.50    354.26  0
 0  2  7  3  4  5  6  1  8  9 10    3    126.23      5.39     25.50    174.39    331.50  0
 0  2  8  3  4  5  6  7  1  9 10    3    122.24      5.39     25.50    172.16    325.29  1
 0  2  8  3  4  5  6  7  1  9 10    4    167.19     23.43     25.50    148.73    364.84  0
 0  2  8  4  3  5  6  7  1  9 10    4    145.67     20.00     25.50    169.26    360.43  0
 0  2  8  5  4  3  6  7  1  9 10    4    155.26     20.52     25.50    151.64    352.92  0
 0  2  8  6  4  5  3  7  1  9 10    4    183.12     34.06     43.10    138.10    398.39  0
 0  2  8  7  4  5  6  3  1  9 10    4    127.63     20.81     25.50    175.28    349.22  0
 0  2  8  1  4  5  6  7  3  9 10    4    149.70     26.93     25.50    170.38    372.50  0
 0  2  8  9  4  5  6  7  1  3 10    4    147.74     20.81     25.50    151.35    345.40  0
 0  2  8 10  4  5  6  7  1  9  3    4    165.66     20.00     25.50    155.81    366.96  0
 0  2  9  3  4  5  6  7  8  1 10    3    146.93     20.81     25.50    153.75    346.98  0
 0  2 10  3  4  5  6  7  8  9  1    3    147.32     20.00     25.50    158.20    351.02  0
 0  3  2  1  4  5  6  7  8  9 10    2    100.50     23.43     25.50    188.72    338.14  0
 0  4  2  3  1  5  6  7  8  9 10    2     86.35     20.00     25.50    207.23    339.08  0
 0  5  2  3  4  1  6  7  8  9 10    2     94.92     20.52     25.50    191.63    332.56  0
 0  6  2  3  4  5  1  7  8  9 10    2     25.50     34.06     43.10    178.09    280.75  1
 0  6  2  3  4  5  1  7  8  9 10    3     84.63     37.59     43.10    140.50    305.82  1
 0  6  2  3  4  5  1  7  8  9 10    4    167.65     23.43     43.10    117.07    351.26  0
 0  6  2  4  3  5  1  7  8  9 10    4    140.63     20.00     43.10    135.58    339.32  0
 0  6  2  5  4  3  1  7  8  9 10    4    129.23     20.52     43.10    119.98    312.83  1
 0  6  2  5  4  3  1  7  8  9 10    5    149.75     20.00     43.10    116.77    329.63  1
 0  6  2  5  4  3  1  7  8  9 10    6    176.82     23.43     43.10     96.54    339.89  0
 0  6  2  5  4  1  3  7  8  9 10    6    200.08     26.93     59.94     89.85    376.79  0
 0  6  2  5  4  7  1  3  8  9 10    6    176.17      5.39     43.10    116.61    341.27  0
 0  6  2  5  4  8  1  7  3  9 10    6    173.18      5.39     43.10    111.39    333.06  0
 0  6  2  5  4  9  1  7  8  3 10    6    184.97     20.81     43.10     99.16    348.05  0
 0  6  2  5  4 10  1  7  8  9  3    6    169.75     23.43     43.10     93.34    329.63  1
 0  6  2  5  4 10  1  7  8  9  3    7    239.75     26.93     59.94     66.42    393.04  0
 0  6  2  5  4 10  7  1  8  9  3    7    216.07      5.39     43.10     93.18    357.74  0
 0  6  2  5  4 10  8  7  1  9  3    7    213.16      5.39     43.10     87.96    349.61  0
 0  6  2  5  4 10  9  7  8  1  3    7    221.37     20.81     43.10     77.26    362.54  0
 0  6  2  5  4 10  3  7  8  9  1    7    193.18     40.22     43.10     53.12    329.63  1
 0  6  2  5  4 10  3  7  8  9  1    8    238.36      5.39     43.10     52.95    339.80  0
 0  6  2  5  4 10  3  8  7  9  1    8    238.12      5.39     43.10     47.73    334.35  0
 0  6  2  5  4 10  3  9  8  7  1    8    233.40     20.81     43.10     32.31    329.63  1
 0  6  2  5  4 10  3  9  8  7  1    9    258.90      5.39     43.10     26.93    334.31  0
 0  6  2  5  4 10  3  9  7  8  1    9    254.21      5.39     43.10     27.46    330.16  1
 0  6  2  5  4 10  3  9  7  8  1   10    259.60     27.46     43.10      0.00    330.16  1
 0  6  2  5  4 10  3  9  7  1  8   10    281.14     27.46     63.56      0.00    372.16  0
 0  6  2  5  4 10  3  9  1  7  8    9    275.45     26.93     59.94      5.39    367.70  0
 0  6  2  5  4 10  3  1  8  9  7    8    265.19     26.93     59.94     26.19    378.25  0
 0  6  2  5  3  4  1  7  8  9 10    5    173.61     23.43     43.10     96.55    336.70  0
 0  6  2  5  1  3  4  7  8  9 10    5    182.89     26.93     59.94     93.06    362.82  0
 0  6  2  5  7  3  1  4  8  9 10    5    167.24      5.39     43.10    119.82    335.55  0
 0  6  2  5  8  3  1  7  4  9 10    5    162.24      5.39     43.10    117.58    328.32  1
 0  6  2  5  8  3  1  7  4  9 10    6    207.19     23.43     43.10     94.15    367.88  0
 0  6  2  5  8  1  3  7  4  9 10    6    189.70     26.93     59.94     90.66    367.23  0
 0  6  2  5  8  7  1  3  4  9 10    6    167.63     20.81     43.10    120.71    352.25  0
 0  6  2  5  8  4  1  7  3  9 10    6    185.67     20.00     43.10    111.39    360.17  0
 0  6  2  5  8  9  1  7  4  3 10    6    187.74     20.81     43.10     96.78    348.43  0
 0  6  2  5  8 10  1  7  4  9  3    6    205.66     20.00     43.10    101.23    369.99  0
 0  6  2  5  9  3  1  7  8  4 10    5    182.37     20.81     43.10     99.17    345.46  0
 0  6  2  5 10  3  1  7  8  9  4    5    155.25     20.00     43.10    103.62    321.98  1
 0  6  2  5 10  3  1  7  8  9  4    6    178.68     27.07     43.10     76.55    325.41  1
 0  6  2  5 10  3  1  7  8  9  4    7    250.69     26.93     59.94     49.62    387.18  0
 0  6  2  5 10  3  7  1  8  9  4    7    223.86      5.39     43.10     76.38    348.73  0
 0  6  2  5 10  3  8  7  1  9  4    7    223.62      5.39     43.10     74.15    346.27  0
 0  6  2  5 10  3  9  7  8  1  4    7    218.90     20.81     43.10     55.74    338.56  0
 0  6  2  5 10  3  4  7  8  9  1    7    205.75     23.43     43.10     53.12    325.41  1
 0  6  2  5 10  3  4  7  8  9  1    8    232.17      5.39     43.10     52.95    333.62  0
 0  6  2  5 10  3  4  8  7  9  1    8    229.18      5.39     43.10     47.73    325.41  1
 0  6  2  5 10  3  4  8  7  9  1    9    234.57     20.81     43.10     42.05    340.53  0
 0  6  2  5 10  3  4  8  9  7  1    9    254.68     20.81     43.10     26.93    345.52  0
 0  6  2  5 10  3  4  8  1  9  7    9    256.64     26.93     59.94     20.81    364.32  0
 0  6  2  5 10  3  4  9  8  7  1    8    240.98     20.81     43.10     32.31    337.20  0
 0  6  2  5 10  3  4  1  8  9  7    8    256.08     26.93     59.94     26.19    369.14  0
 0  6  2  5 10  1  3  7  8  9  4    6    225.26     26.93     59.94     76.70    388.82  0
 0  6  2  5 10  7  1  3  8  9  4    6    201.57      5.39     43.10    103.46    353.52  0
 0  6  2  5 10  8  1  7  3  9  4    6    198.66      5.39     43.10    101.23    348.38  0
 0  6  2  5 10  9  1  7  8  3  4    6    206.87     20.81     43.10     82.82    353.60  0
 0  6  2  5 10  4  1  7  8  9  3    6    175.25     23.43     43.10     93.34    335.13  0
 0  6  2  1  4  5  3  7  8  9 10    4    122.22     26.93     59.94    113.57    322.66  1
 0  6  2  1  4  5  3  7  8  9 10    5    172.55     20.00     59.94    108.66    361.15  0
 0  6  2  1  5  4  3  7  8  9 10    5    175.89     20.52     59.94     93.06    349.40  0
 0  6  2  1  3  5  4  7  8  9 10    5    194.23     23.43     59.94     90.14    367.75  0
 0  6  2  1  7  5  3  4  8  9 10    5    149.15      5.39     60.88    112.87    328.28  1
 0  6  2  1  7  5  3  4  8  9 10    6    187.16     20.52     60.88     92.36    360.91  0
 0  6  2  1  7  3  5  4  8  9 10    6    194.32     23.43     60.88     89.44    368.08  0
 0  6  2  1  7  4  3  5  8  9 10    6    175.57     20.00     60.88    107.96    364.40  0
 0  6  2  1  7  8  3  4  5  9 10    6    154.53     23.43     60.88     99.18    338.02  0
 0  6  2  1  7  9  3  4  8  5 10    6    169.95     25.50     63.56     87.38    346.39  0
 0  6  2  1  7 10  3  4  8  9  5    6    195.47     20.00     60.88     96.52    372.87  0
 0  6  2  1  8  5  3  7  4  9 10    5    149.68      5.39     59.94    111.18    326.18  1
 0  6  2  1  8  5  3  7  4  9 10    6    182.69     20.52     59.94     90.66    353.81  0
 0  6  2  1  8  3  5  7  4  9 10    6    194.62     23.43     59.94     87.75    365.74  0
 0  6  2  1  8  7  3  5  4  9 10    6    155.06     20.81     60.88     99.18    335.93  0
 0  6  2  1  8  4  3  7  5  9 10    6    173.11     20.00     59.94    108.27    361.32  0
 0  6  2  1  8  9  3  7  4  5 10    6    175.17     20.81     59.94     90.37    346.29  0
 0  6  2  1  8 10  3  7  4  9  5    6    193.10     20.00     59.94     94.82    367.86  0
 0  6  2  1  9  5  3  7  8  4 10    5    164.27     20.81     59.94     92.76    337.78  0
 0  6  2  1 10  5  3  7  8  9  4    5    192.23     20.00     59.94     97.22    369.39  0
 0  6  2  7  4  5  1  3  8  9 10    4    133.40      5.39     43.10    140.33    322.22  1
 0  6  2  7  4  5  1  3  8  9 10    5    159.81     20.00     43.10    135.42    358.34  0
 0  6  2  7  5  4  1  3  8  9 10    5    171.41     20.52     43.10    119.82    354.85  0
 0  6  2  7  1  5  4  3  8  9 10    5    160.32     27.46     60.88    112.87    361.53  0
 0  6  2  7  3  5  1  4  8  9 10    5    178.57     23.43     43.10    116.90    362.01  0
 0  6  2  7  8  5  1  3  4  9 10    5    138.78     23.43     43.10    141.22    346.54  0
 0  6  2  7  9  5  1  3  8  4 10    5    154.20     25.50     43.10    114.84    337.64  0
 0  6  2  7 10  5  1  3  8  9  4    5    179.72     20.00     43.10    123.98    366.80  0
 0  6  2  8  4  5  1  7  3  9 10    4    129.41      5.39     43.10    138.10    316.00  1
 0  6  2  8  4  5  1  7  3  9 10    5    152.84     20.00     43.10    135.20    351.14  0
 0  6  2  8  5  4  1  7  3  9 10    5    162.42     20.52     43.10    117.58    343.63  0
 0  6  2  8  1  5  4  7  3  9 10    5    156.87     26.93     59.94    111.18    354.91  0
 0  6  2  8  7  5  1  4  3  9 10    5    134.79     20.81     43.10    141.22    339.93  0
 0  6  2  8  3  5  1  7  4  9 10    5    174.35     23.43     43.10    114.67    355.56  0
 0  6  2  8  9  5  1  7  3  4 10    5    154.90     20.81     43.10    117.29    336.11  0
 0  6  2  8 10  5  1  7  3  9  4    5    172.82     20.00     43.10    121.75    357.68  0
 0  6  2  9  4  5  1  7  8  3 10    4    154.09     20.81     43.10    119.69    337.70  0
 0  6  2 10  4  5  1  7  8  9  3    4    154.49     20.00     43.10    124.14    341.73  0
 0  6  3  2  4  5  1  7  8  9 10    3    129.50     23.43     43.10    154.66    350.70  0
 0  6  4  3  2  5  1  7  8  9 10    3    109.64     20.00     43.10    173.17    345.92  0
 0  6  5  3  4  2  1  7  8  9 10    3    112.63     20.52     43.10    157.57    333.82  0
 0  6  1  3  4  5  2  7  8  9 10    3     59.55     26.93     59.94    158.17    304.59  1
 0  6  1  3  4  5  2  7  8  9 10    4    131.57     23.43     59.94    134.74    349.68  0
 0  6  1  4  3  5  2  7  8  9 10    4    109.88     20.00     59.94    153.26    343.08  0
 0  6  1  5  4  3  2  7  8  9 10    4    113.22     20.52     59.94    137.83    331.51  0
 0  6  1  2  4  5  3  7  8  9 10    4     97.14     44.60     59.94    113.57    315.26  1
 0  6  1  2  4  5  3  7  8  9 10    5    153.14     20.00     59.94    108.66    341.74  0
 0  6  1  2  5  4  3  7  8  9 10    5    141.74     20.52     59.94     93.06    315.26  1
 0  6  1  2  5  4  3  7  8  9 10    6    162.26     20.00     59.94     89.85    332.05  0
 0  6  1  2  5  3  4  7  8  9 10    6    186.13     23.43     59.94     69.62    339.12  0
 0  6  1  2  5  7  3  4  8  9 10    6    179.76      5.39     60.88     92.36    338.37  0
 0  6  1  2  5  8  3  7  4  9 10    6    174.76      5.39     59.94     90.66    330.74  0
 0  6  1  2  5  9  3  7  8  4 10    6    194.88     20.81     59.94     72.25    347.88  0
 0  6  1  2  5 10  3  7  8  9  4    6    167.76     20.00     59.94     76.70    324.40  1
 0  6  1  2  5 10  3  7  8  9  4    7    191.19     27.07     59.94     49.62    327.83  1
 0  6  1  2  5 10  3  7  8  9  4    8    236.37      5.39     60.88     48.93    351.56  0
 0  6  1  2  5 10  3  8  7  9  4    8    236.14      5.39     59.94     47.23    348.69  0
 0  6  1  2  5 10  3  9  8  7  4    8    231.42     20.81     59.94     28.82    340.98  0
 0  6  1  2  5 10  3  4  8  9  7    8    218.27     23.43     59.94     26.19    327.83  1
 0  6  1  2  5 10  3  4  8  9  7    9    241.70      5.39     59.94     20.81    327.83  1
 0  6  1  2  5 10  3  4  8  9  7   10    267.19     20.81     59.94      0.00    347.94  0
 0  6  1  2  5 10  3  4  8  7  9   10    247.08     20.81     60.88      0.00    328.77  1
 0  6  1  2  5 10  3  4  9  8  7    9    253.49     20.81     59.94      5.39    339.63  0
 0  6  1  2  5 10  3  4  7  9  8    9    244.69      5.39     60.88     25.50    336.44  0
 0  6  1  2  5 10  7  3  8  9  4    7    214.09      5.39     60.88     76.00    356.35  0
 0  6  1  2  5 10  8  7  3  9  4    7    211.18      5.39     59.94     74.30    350.81  0
 0  6  1  2  5 10  9  7  8  3  4    7    219.38     20.81     59.94     55.89    356.03  0
 0  6  1  2  5 10  4  7  8  9  3    7    187.76     23.43     59.94     66.42    337.55  0
 0  6  1  2  3  5  4  7  8  9 10    5    180.17     23.43     59.94     90.14    353.68  0
 0  6  1  2  7  5  3  4  8  9 10    5    145.91      5.39     60.88    112.87    325.05  1
 0  6  1  2  7  5  3  4  8  9 10    6    183.92     20.52     60.88     92.36    357.67  0
 0  6  1  2  7  3  5  4  8  9 10    6    191.09     23.43     60.88     89.44    364.84  0
 0  6  1  2  7  4  3  5  8  9 10    6    172.33     20.00     60.88    107.96    361.17  0
 0  6  1  2  7  8  3  4  5  9 10    6    151.29     23.43     60.88     99.18    334.78  0
 0  6  1  2  7  9  3  4  8  5 10    6    166.72     25.50     63.56     87.38    343.15  0
 0  6  1  2  7 10  3  4  8  9  5    6    192.23     20.00     60.88     96.52    369.63  0
 0  6  1  2  8  5  3  7  4  9 10    5    141.92      5.39     59.94    111.18    318.43  1
 0  6  1  2  8  5  3  7  4  9 10    6    174.94     20.52     59.94     90.66    346.06  0
 0  6  1  2  8  3  5  7  4  9 10    6    186.87     23.43     59.94     87.75    357.98  0
 0  6  1  2  8  7  3  5  4  9 10    6    147.31     20.81     60.88     99.18    328.17  1
 0  6  1  2  8  7  3  5  4  9 10    7    192.48     23.43     60.88     75.75    352.54  0
 0  6  1  2  8  7  5  3  4  9 10    7    185.32     20.52     60.88     78.66    345.37  0
 0  6  1  2  8  7  4  5  3  9 10    7    173.73     20.00     60.88     89.67    344.28  0
 0  6  1  2  8  7  9  5  4  3 10    7    168.11     35.23     86.35     63.95    353.65  0
 0  6  1  2  8  7 10  5  4  9  3    7    193.63     20.00     60.88     82.82    357.33  0
 0  6  1  2  8  4  3  7  5  9 10    6    165.35     20.00     59.94    108.27    353.57  0
 0  6  1  2  8  9  3  7  4  5 10    6    167.42     20.81     59.94     90.37    338.54  0
 0  6  1  2  8 10  3  7  4  9  5    6    185.34     20.00     59.94     94.82    360.10  0
 0  6  1  2  9  5  3  7  8  4 10    5    166.61     20.81     59.94     92.76    340.12  0
 0  6  1  2 10  5  3  7  8  9  4    5    167.00     20.00     59.94     97.22    344.16  0
 0  6  1  7  4  5  2  3  8  9 10    4     86.48      5.39     60.88    157.47    310.21  1
 0  6  1  7  4  5  2  3  8  9 10    5    112.90     20.00     60.88    152.56    346.33  0
 0  6  1  7  5  4  2  3  8  9 10    5    124.49     20.52     60.88    137.13    343.02  0
 0  6  1  7  2  5  4  3  8  9 10    5    135.24     44.60     60.88    112.87    353.59  0
 0  6  1  7  3  5  2  4  8  9 10    5    131.66     23.43     60.88    134.04    350.01  0
 0  6  1  7  8  5  2  3  4  9 10    5     91.86     23.43     60.88    143.78    319.95  1
 0  6  1  7  8  5  2  3  4  9 10    6    124.88     20.52     60.88    134.66    340.93  0
 0  6  1  7  8  2  5  3  4  9 10    6    136.64     44.60     60.88     99.18    341.29  0
 0  6  1  7  8  3  2  5  4  9 10    6    136.81     23.43     60.88    120.34    341.46  0
 0  6  1  7  8  4  2  3  5  9 10    6    115.30     20.00     60.88    134.27    330.45  0
 0  6  1  7  8  9  2  3  4  5 10    6    117.36     35.23     77.47    108.55    338.60  0
 0  6  1  7  8 10  2  3  4  9  5    6    135.28     20.00     60.88    127.42    343.58  0
 0  6  1  7  9  5  2  3  8  4 10    5    107.29     25.50     63.56    131.98    328.32  1
 0  6  1  7  9  5  2  3  8  4 10    6    160.43     20.52     63.56    111.64    356.15  0
 0  6  1  7  9  2  5  3  8  4 10    6    176.75     44.60     63.56     87.38    372.29  0
 0  6  1  7  9  3  2  5  8  4 10    6    147.51     23.43     63.56    108.55    343.05  0
 0  6  1  7  9  8  2  3  5  4 10    6    132.78     23.43     77.47    108.55    342.23  0
 0  6  1  7  9  4  2  3  8  5 10    6    142.52     20.00     63.56    127.06    353.14  0
 0  6  1  7  9 10  2  3  8  4  5    6    158.91     20.00     63.56    115.62    358.09  0
 0  6  1  7 10  5  2  3  8  9  4    5    132.80     20.00     60.88    141.12    354.80  0
 0  6  1  8  4  5  2  7  3  9 10    4     87.01      5.39     59.94    155.78    308.12  1
 0  6  1  8  4  5  2  7  3  9 10    5    110.44     20.00     59.94    152.87    343.26  0
 0  6  1  8  5  4  2  7  3  9 10    5    120.03     20.52     59.94    139.42    339.91  0
 0  6  1  8  2  5  4  7  3  9 10    5    131.79     44.60     59.94    111.18    347.51  0
 0  6  1  8  7  5  2  4  3  9 10    5     92.40     20.81     60.88    143.78    317.86  1
 0  6  1  8  7  5  2  4  3  9 10    6    130.41     20.52     60.88    134.66    346.47  0
 0  6  1  8  7  2  5  4  3  9 10    6    141.16     44.60     60.88     99.18    345.81  0
 0  6  1  8  7  4  2  5  3  9 10    6    118.82     20.00     60.88    134.27    333.97  0
 0  6  1  8  7  3  2  4  5  9 10    6    137.58     23.43     60.88    120.34    342.23  0
 0  6  1  8  7  9  2  4  3  5 10    6    113.21     35.23     77.47    108.55    334.45  0
 0  6  1  8  7 10  2  4  3  9  5    6    138.72     20.00     60.88    127.42    347.02  0
 0  6  1  8  3  5  2  7  4  9 10    5    131.96     23.43     59.94    132.34    347.67  0
 0  6  1  8  9  5  2  7  3  4 10    5    112.51     20.81     59.94    134.97    328.23  1
 0  6  1  8  9  5  2  7  3  4 10    6    165.65     20.52     59.94    118.62    364.72  0
 0  6  1  8  9  2  5  7  3  4 10    6    181.97     44.60     59.94     90.37    376.88  0
 0  6  1  8  9  7  2  5  3  4 10    6    133.32     26.42     77.47    108.55    345.75  0
 0  6  1  8  9  3  2  7  5  4 10    6    152.73     23.43     59.94    111.54    347.64  0
 0  6  1  8  9  4  2  7  3  5 10    6    147.74     20.00     59.94    132.06    359.74  0
 0  6  1  8  9 10  2  7  3  4  5    6    164.13     20.00     59.94    118.61    362.68  0
 0  6  1  8 10  5  2  7  3  9  4    5    130.43     20.00     59.94    139.42    349.79  0
 0  6  1  9  4  5  2  7  8  3 10    4    101.60     20.81     59.94    137.36    319.71  1
 0  6  1  9  4  5  2  7  8  3 10    5    136.83     20.00     59.94    132.45    349.22  0
 0  6  1  9  5  4  2  7  8  3 10    5    154.74     20.52     59.94    117.02    352.23  0
 0  6  1  9  2  5  4  7  8  3 10    5    171.06     44.60     59.94     92.76    368.37  0
 0  6  1  9  7  5  2  4  8  3 10    5    122.41      5.39     63.56    131.98    323.33  1
 0  6  1  9  7  5  2  4  8  3 10    6    160.42     20.52     63.56    111.64    356.14  0
 0  6  1  9  7  2  5  4  8  3 10    6    171.17     44.60     63.56     87.38    366.71  0
 0  6  1  9  7  4  2  5  8  3 10    6    148.83     20.00     63.56    127.06    359.45  0
 0  6  1  9  7  8  2  4  5  3 10    6    127.80     23.43     77.47    108.55    337.24  0
 0  6  1  9  7  3  2  4  8  5 10    6    167.59     23.43     63.56    108.55    363.13  0
 0  6  1  9  7 10  2  4  8  3  5    6    168.74     20.00     63.56    115.62    367.92  0
 0  6  1  9  8  5  2  7  4  3 10    5    127.10      5.39     59.94    134.97    327.39  1
 0  6  1  9  8  5  2  7  4  3 10    6    160.11     20.52     59.94    118.62    359.19  0
 0  6  1  9  8  2  5  7  4  3 10    6    171.87     44.60     59.94     90.37    366.78  0
 0  6  1  9  8  7  2  5  4  3 10    6    132.48     26.42     77.47    108.55    344.91  0
 0  6  1  9  8  4  2  7  5  3 10    6    150.53     20.00     59.94    132.06    362.53  0
 0  6  1  9  8  3  2  7  4  5 10    6    172.04     23.43     59.94    111.54    366.95  0
 0  6  1  9  8 10  2  7  4  3  5    6    170.51     20.00     59.94    118.61    369.06  0
 0  6  1  9  3  5  2  7  8  4 10    5    141.83     23.43     59.94    113.93    339.13  0
 0  6  1  9 10  5  2  7  8  3  4    5    153.23     20.00     59.94    121.01    354.17  0
 0  6  1 10  4  5  2  7  8  9  3    4    129.56     20.00     59.94    141.82    351.32  0
 0  6  7  3  4  5  1  2  8  9 10    3     84.70      5.39     43.10    177.92    311.11  1
 0  6  7  3  4  5  1  2  8  9 10    4    129.88     23.43     43.10    154.49    350.90  0
 0  6  7  4  3  5  1  2  8  9 10    4    111.12     20.00     43.10    173.01    347.23  0
 0  6  7  5  4  3  1  2  8  9 10    4    122.71     20.52     43.10    157.41    343.74  0
 0  6  7  1  4  5  3  2  8  9 10    4    111.62     27.46     60.88    157.47    357.43  0
 0  6  7  2  4  5  1  3  8  9 10    4    133.46     37.59     43.10    140.33    354.49  0
 0  6  7  8  4  5  1  2  3  9 10    4     90.08     23.43     43.10    178.81    335.43  0
 0  6  7  9  4  5  1  2  8  3 10    4    105.51     25.50     43.10    152.43    326.54  1
 0  6  7  9  4  5  1  2  8  3 10    5    140.73     20.00     43.10    147.51    351.35  0
 0  6  7  9  5  4  1  2  8  3 10    5    158.65     20.52     43.10    131.91    354.18  0
 0  6  7  9  1  5  4  2  8  3 10    5    147.55     27.46     63.56    131.98    370.55  0
 0  6  7  9  2  5  1  4  8  3 10    5    174.97     37.59     43.10    114.84    370.50  0
 0  6  7  9  8  5  1  2  4  3 10    5    131.00     23.43     43.10    146.14    343.67  0
 0  6  7  9  3  5  1  2  8  4 10    5    145.73     23.43     43.10    129.00    341.26  0
 0  6  7  9 10  5  1  2  8  3  4    5    157.13     20.00     43.10    136.07    356.31  0
 0  6  7 10  4  5  1  2  8  9  3    4    131.02     20.00     43.10    161.57    355.69  0
 0  6  8  3  4  5  1  7  2  9 10    3     86.37      5.39     43.10    175.69    310.55  1
 0  6  8  3  4  5  1  7  2  9 10    4    131.32     23.43     43.10    152.26    350.11  0
 0  6  8  4  3  5  1  7  2  9 10    4    109.80     20.00     43.10    172.79    345.69  0
 0  6  8  5  4  3  1  7  2  9 10    4    119.39     20.52     43.10    155.17    338.18  0
 0  6  8  1  4  5  3  7  2  9 10    4    113.83     26.93     59.94    155.78    356.47  0
 0  6  8  7  4  5  1  3  2  9 10    4     91.76     20.81     43.10    178.81    334.48  0
 0  6  8  2  4  5  1  7  3  9 10    4    131.15     37.59     43.10    138.10    349.95  0
 0  6  8  9  4  5  1  7  2  3 10    4    111.87     20.81     43.10    154.88    330.66  0
 0  6  8 10  4  5  1  7  2  9  3    4    129.79     20.00     43.10    159.34    352.23  0
 0  6  9  3  4  5  1  7  8  2 10    3     93.85     20.81     43.10    157.28    315.04  1
 0  6  9  3  4  5  1  7  8  2 10    4    134.07     23.43     43.10    133.85    334.46  0
 0  6  9  4  3  5  1  7  8  2 10    4    129.07     20.00     43.10    152.37    344.55  0
 0  6  9  5  4  3  1  7  8  2 10    4    146.99     20.52     43.10    136.76    347.37  0
 0  6  9  1  4  5  3  7  8  2 10    4    135.89     26.93     59.94    137.36    360.13  0
 0  6  9  7  4  5  1  3  8  2 10    4    114.66      5.39     43.10    152.43    315.57  1
 0  6  9  7  4  5  1  3  8  2 10    5    141.08     20.00     43.10    147.51    351.69  0
 0  6  9  7  5  4  1  3  8  2 10    5    152.67     20.52     43.10    131.91    348.20  0
 0  6  9  7  1  5  4  3  8  2 10    5    141.58     27.46     63.56    131.98    364.58  0
 0  6  9  7  3  5  1  4  8  2 10    5    159.83     23.43     43.10    129.00    355.37  0
 0  6  9  7  8  5  1  3  4  2 10    5    120.04     23.43     43.10    146.14    332.71  0
 0  6  9  7  2  5  1  3  8  4 10    5    163.42     37.59     43.10    114.84    358.95  0
 0  6  9  7 10  5  1  3  8  2  4    5    160.98     20.00     43.10    136.07    360.16  0
 0  6  9  8  4  5  1  7  3  2 10    4    119.34      5.39     43.10    154.88    322.72  1
 0  6  9  8  4  5  1  7  3  2 10    5    142.77     20.00     43.10    151.98    357.86  0
 0  6  9  8  5  4  1  7  3  2 10    5    152.36     20.52     43.10    134.37    350.35  0
 0  6  9  8  1  5  4  7  3  2 10    5    146.80     26.93     59.94    134.97    368.64  0
 0  6  9  8  7  5  1  4  3  2 10    5    124.73     26.42     43.10    146.14    340.39  0
 0  6  9  8  3  5  1  7  4  2 10    5    164.29     23.43     43.10    131.45    362.28  0
 0  6  9  8  2  5  1  7  3  4 10    5    164.12     37.59     43.10    117.29    362.11  0
 0  6  9  8 10  5  1  7  3  2  4    5    162.76     20.00     43.10    138.53    364.39  0
 0  6  9  2  4  5  1  7  8  3 10    4    163.31     37.59     43.10    119.69    363.69  0
 0  6  9 10  4  5  1  7  8  2  3    4    145.47     20.00     43.10    140.92    349.50  0
 0  6 10  3  4  5  1  7  8  9  2    3    129.46     20.00     43.10    161.73    354.30  0
 0  7  2  3  4  5  6  1  8  9 10    2     59.94      5.39     25.50    211.98    302.80  1
 0  7  2  3  4  5  6  1  8  9 10    3    108.71     37.59     25.50    174.39    346.18  0
 0  7  3  2  4  5  6  1  8  9 10    3    105.12     23.43     25.50    188.55    342.60  0
 0  7  4  3  2  5  6  1  8  9 10    3     86.36     20.00     25.50    207.07    338.92  0
 0  7  5  3  4  2  6  1  8  9 10    3     97.95     20.52     25.50    191.46    335.43  0
 0  7  6  3  4  5  2  1  8  9 10    3    119.14     34.06     43.10    177.92    374.23  0
 0  7  1  3  4  5  6  2  8  9 10    3     86.87     27.46     25.50    216.61    356.43  0
 0  7  8  3  4  5  6  1  2  9 10    3     65.33     23.43     25.50    212.87    327.13  1
 0  7  8  3  4  5  6  1  2  9 10    4    110.27     23.43     25.50    189.44    348.64  0
 0  7  8  4  3  5  6  1  2  9 10    4     88.76     20.00     25.50    203.37    337.62  0
 0  7  8  5  4  3  6  1  2  9 10    4     98.34     20.52     25.50    192.35    336.71  0
 0  7  8  6  4  5  3  1  2  9 10    4    126.20     34.06     43.10    178.81    382.18  0
 0  7  8  1  4  5  6  3  2  9 10    4     92.79     34.06     25.50    202.91    355.25  0
 0  7  8  2  4  5  6  1  3  9 10    4    110.10     37.59     25.50    175.28    348.47  0
 0  7  8  9  4  5  6  1  2  3 10    4     90.82     35.23     25.50    180.20    331.74  0
 0  7  8 10  4  5  6  1  2  9  3    4    108.74     20.00     25.50    196.52    350.75  0
 0  7  9  3  4  5  6  1  8  2 10    3     80.75     25.50     25.50    186.49    318.23  1
 0  7  9  3  4  5  6  1  8  2 10    4    120.97     23.43     25.50    163.06    332.96  0
 0  7  9  4  3  5  6  1  8  2 10    4    115.98     20.00     25.50    181.57    343.05  0
 0  7  9  5  4  3  6  1  8  2 10    4    133.89     20.52     25.50    165.97    345.87  0
 0  7  9  6  4  5  3  1  8  2 10    4    149.10     34.06     43.10    152.43    378.69  0
 0  7  9  1  4  5  6  3  8  2 10    4    122.80     27.46     25.50    191.11    366.87  0
 0  7  9  8  4  5  6  1  3  2 10    4    106.25     23.43     25.50    180.20    335.37  0
 0  7  9  2  4  5  6  1  8  3 10    4    150.21     37.59     25.50    148.90    362.20  0
 0  7  9 10  4  5  6  1  8  2  3    4    132.37     20.00     25.50    170.13    348.00  0
 0  7 10  3  4  5  6  1  8  9  2    3    106.27     20.00     25.50    195.63    347.39  0
 0  8  2  3  4  5  6  7  1  9 10    2     63.56      5.39     25.50    209.75    304.19  1
 0  8  2  3  4  5  6  7  1  9 10    3    108.34     37.59     25.50    172.16    343.59  0
 0  8  3  2  4  5  6  7  1  9 10    3    108.51     23.43     25.50    186.32    343.75  0
 0  8  4  3  2  5  6  7  1  9 10    3     86.99     20.00     25.50    206.85    339.33  0
 0  8  5  3  4  2  6  7  1  9 10    3     96.58     20.52     25.50    189.23    331.82  0
 0  8  6  3  4  5  2  7  1  9 10    3    124.44     34.06     43.10    175.69    377.29  0
 0  8  7  3  4  5  6  2  1  9 10    3     68.95     20.81     25.50    212.87    328.12  1
 0  8  7  3  4  5  6  2  1  9 10    4    114.12     23.43     25.50    189.44    352.49  0
 0  8  7  4  3  5  6  2  1  9 10    4     95.37     20.00     25.50    203.37    344.23  0
 0  8  7  5  4  3  6  2  1  9 10    4    106.96     20.52     25.50    192.35    345.33  0
 0  8  7  6  4  5  3  2  1  9 10    4    128.15     34.06     43.10    178.81    384.13  0
 0  8  7  2  4  5  6  3  1  9 10    4    117.71     37.59     25.50    175.28    356.08  0
 0  8  7  1  4  5  6  2  3  9 10    4     95.87     34.06     25.50    202.91    358.34  0
 0  8  7  9  4  5  6  2  1  3 10    4     89.75     35.23     25.50    180.20    330.67  0
 0  8  7 10  4  5  6  2  1  9  3    4    115.27     20.00     25.50    196.52    357.28  0
 0  8  1  3  4  5  6  7  2  9 10    3     91.02     26.93     25.50    214.91    358.35  0
 0  8  9  3  4  5  6  7  1  2 10    3     89.06     20.81     25.50    188.94    324.30  1
 0  8  9  3  4  5  6  7  1  2 10    4    129.28     23.43     25.50    165.51    343.72  0
 0  8  9  4  3  5  6  7  1  2 10    4    124.28     20.00     25.50    186.04    355.82  0
 0  8  9  5  4  3  6  7  1  2 10    4    142.20     20.52     25.50    168.42    356.64  0
 0  8  9  6  4  5  3  7  1  2 10    4    157.41     34.06     43.10    154.88    389.46  0
 0  8  9  7  4  5  6  3  1  2 10    4    109.86     26.42     25.50    180.20    341.98  0
 0  8  9  1  4  5  6  7  3  2 10    4    131.10     26.93     25.50    194.10    377.63  0
 0  8  9  2  4  5  6  7  1  3 10    4    158.52     37.59     25.50    151.35    372.96  0
 0  8  9 10  4  5  6  7  1  2  3    4    140.68     20.00     25.50    172.59    358.76  0
 0  8 10  3  4  5  6  7  1  9  2    3    106.98     20.00     25.50    193.40    345.87  0
 0  9  2  3  4  5  6  7  8  1 10    2     60.88     20.81     25.50    191.34    298.52  1
 0  9  2  3  4  5  6  7  8  1 10    3    130.34     37.59     25.50    153.75    347.17  0
 0  9  3  2  4  5  6  7  8  1 10    3    101.10     23.43     25.50    167.91    317.94  1
 0  9  3  2  4  5  6  7  8  1 10    4    184.13     37.59     25.50    130.32    377.53  0
 0  9  3  4  2  5  6  7  8  1 10    4    128.18     20.00     25.50    162.99    336.66  0
 0  9  3  5  4  2  6  7  8  1 10    4    145.49     20.52     25.50    147.39    338.89  0
 0  9  3  6  4  5  2  7  8  1 10    4    205.11     34.06     43.10    133.85    416.12  0
 0  9  3  7  4  5  6  2  8  1 10    4    146.28      5.39     25.50    163.06    340.22  0
 0  9  3  8  4  5  6  7  2  1 10    4    146.05      5.39     25.50    165.51    342.44  0
 0  9  3  1  4  5  6  7  8  2 10    4    173.12     26.93     25.50    173.07    398.60  0
 0  9  3 10  4  5  6  7  8  1  2    4    124.53     20.00     25.50    147.91    317.94  1
 0  9  3 10  4  5  6  7  8  1  2    5    144.53     20.52     25.50    136.97    327.52  1
 0  9  3 10  4  5  6  7  8  1  2    6    165.05     33.02     25.50    103.96    327.52  1
 0  9  3 10  4  5  6  7  8  1  2    7    252.18     34.06     43.10     69.90    399.25  0
 0  9  3 10  4  5  7  6  8  1  2    7    203.06      5.39     25.50     99.11    333.05  0
 0  9  3 10  4  5  8  7  6  1  2    7    198.07      5.39     25.50     98.57    327.52  1
 0  9  3 10  4  5  8  7  6  1  2    8    203.45     26.93     25.50     71.65    327.52  1
 0  9  3 10  4  5  8  7  6  1  2    9    262.65     34.06     43.10     37.59    377.41  0
 0  9  3 10  4  5  8  7  1  6  2    9    230.38     34.06     25.50     59.14    349.07  0
 0  9  3 10  4  5  8  7  2  1  6    9    252.22     37.59     25.50     34.06    349.36  0
 0  9  3 10  4  5  8  6  7  1  2    8    258.94     34.06     43.10     64.52    400.62  0
 0  9  3 10  4  5  8  1  6  7  2    8    225.52     26.93     25.50    107.90    385.85  0
 0  9  3 10  4  5  8  2  6  1  7    8    242.84     37.59     25.50     60.98    366.91  0
 0  9  3 10  4  5  1  7  8  6  2    7    218.72     26.93     25.50    109.30    380.43  0
 0  9  3 10  4  5  2  7  8  1  6    7    209.65     37.59     25.50     66.37    339.10  0
 0  9  3 10  4  6  5  7  8  1  2    6    228.68     34.06     43.10    102.92    408.76  0
 0  9  3 10  4  7  6  5  8  1  2    6    170.95      5.39     25.50    132.12    333.95  0
 0  9  3 10  4  8  6  7  5  1  2    6    167.96      5.39     25.50    136.59    335.43  0
 0  9  3 10  4  1  6  7  8  5  2    6    194.86     26.93     25.50    142.13    389.42  0
 0  9  3 10  4  2  6  7  8  1  5    6    200.53     37.59     25.50     99.38    363.00  0
 0  9  3 10  5  4  6  7  8  1  2    5    150.55     20.52     25.50    127.39    323.96  1
 0  9  3 10  5  4  6  7  8  1  2    6    171.07     23.43     25.50    103.96    323.96  1
 0  9  3 10  5  4  6  7  8  1  2    7    255.22     34.06     43.10     69.90    402.28  0
 0  9  3 10  5  4  7  6  8  1  2    7    197.49      5.39     25.50     99.11    327.48  1
 0  9  3 10  5  4  7  6  8  1  2    8    256.69     34.06     43.10     65.05    398.90  0
 0  9  3 10  5  4  7  8  6  1  2    8    202.87     27.46     25.50     71.65    327.48  1
 0  9  3 10  5  4  7  8  6  1  2    9    263.75     34.06     43.10     37.59    378.50  0
 0  9  3 10  5  4  7  8  1  6  2    9    230.33     34.06     25.50     59.14    349.02  0
 0  9  3 10  5  4  7  8  2  1  6    9    247.65     37.59     25.50     34.06    344.80  0
 0  9  3 10  5  4  7  1  8  6  2    8    224.42     27.46     25.50    103.91    381.28  0
 0  9  3 10  5  4  7  2  8  1  6    8    246.25     37.59     25.50     61.52    370.86  0
 0  9  3 10  5  4  8  7  6  1  2    7    194.50      5.39     25.50     98.57    323.96  1
 0  9  3 10  5  4  8  7  6  1  2    8    199.89     26.93     25.50     71.65    323.96  1
 0  9  3 10  5  4  8  7  6  1  2    9    259.09     34.06     43.10     37.59    373.84  0
 0  9  3 10  5  4  8  7  1  6  2    9    226.81     34.06     25.50     59.14    345.50  0
 0  9  3 10  5  4  8  7  2  1  6    9    248.65     37.59     25.50     34.06    345.79  0
 0  9  3 10  5  4  8  6  7  1  2    8    255.38     34.06     43.10     64.52    397.06  0
 0  9  3 10  5  4  8  1  6  7  2    8    221.96     26.93     25.50    107.90    382.28  0
 0  9  3 10  5  4  8  2  6  1  7    8    239.28     37.59     25.50     60.98    363.35  0
 0  9  3 10  5  4  1  7  8  6  2    7    221.40     26.93     25.50    109.30    383.12  0
 0  9  3 10  5  4  2  7  8  1  6    7    227.07     37.59     25.50     66.37    356.52  0
 0  9  3 10  5  6  4  7  8  1  2    6    237.68     34.06     43.10     93.33    408.18  0
 0  9  3 10  5  7  6  4  8  1  2    6    188.56      5.39     25.50    122.54    341.98  0
 0  9  3 10  5  8  6  7  4  1  2    6    183.57      5.39     25.50    124.99    339.44  0
 0  9  3 10  5  1  6  7  8  4  2    6    204.22     26.93     25.50    132.73    389.37  0
 0  9  3 10  5  2  6  7  8  1  4    6    195.15     37.59     25.50     89.80    348.03  0
 0  9  3 10  6  5  4  7  8  1  2    5    228.50     34.06     43.10    113.85    419.51  0
 0  9  3 10  7  5  6  4  8  1  2    5    170.86      5.39     25.50    143.06    344.79  0
 0  9  3 10  8  5  6  7  4  1  2    5    167.95      5.39     25.50    145.51    344.34  0
 0  9  3 10  1  5  6  7  8  4  2    5    194.54     26.93     25.50    153.07    400.03  0
 0  9  3 10  2  5  6  7  8  1  4    5    194.39     37.59     25.50    110.32    367.79  0
 0  9  4  3  2  5  6  7  8  1 10    3     96.10     20.00     25.50    186.42    328.02  1
 0  9  4  3  2  5  6  7  8  1 10    4    123.18     23.43     25.50    162.99    335.10  0
 0  9  4  2  3  5  6  7  8  1 10    4    152.10     37.59     25.50    148.83    364.02  0
 0  9  4  5  2  3  6  7  8  1 10    4    116.62     26.02     25.50    170.81    338.94  0
 0  9  4  6  2  5  3  7  8  1 10    4    180.25     34.06     43.10    152.37    409.78  0
 0  9  4  7  2  5  6  3  8  1 10    4    122.52      5.39     25.50    181.57    334.98  0
 0  9  4  8  2  5  6  7  3  1 10    4    119.54      5.39     25.50    186.04    336.45  0
 0  9  4  1  2  5  6  7  8  3 10    4    146.43     26.93     25.50    191.58    390.44  0
 0  9  4 10  2  5  6  7  8  1  3    4    116.10     23.43     25.50    181.36    346.39  0
 0  9  5  3  4  2  6  7  8  1 10    3    114.02     20.52     25.50    170.82    330.85  0
 0  9  6  3  4  5  2  7  8  1 10    3    129.23     34.06     43.10    157.28    363.67  0
 0  9  7  3  4  5  6  2  8  1 10    3     81.69      5.39     25.50    186.49    299.05  1
 0  9  7  3  4  5  6  2  8  1 10    4    126.86     23.43     25.50    163.06    338.85  0
 0  9  7  4  3  5  6  2  8  1 10    4    108.11     20.00     25.50    181.57    335.17  0
 0  9  7  5  4  3  6  2  8  1 10    4    119.70     20.52     25.50    165.97    331.68  0
 0  9  7  6  4  5  3  2  8  1 10    4    140.89     34.06     43.10    152.43    370.48  0
 0  9  7  2  4  5  6  3  8  1 10    4    130.45     37.59     25.50    148.90    342.43  0
 0  9  7  8  4  5  6  2  3  1 10    4     87.07     23.43     25.50    180.20    316.19  1
 0  9  7  8  4  5  6  2  3  1 10    5    110.50     20.00     25.50    165.70    321.69  1
 0  9  7  8  4  5  6  2  3  1 10    6    131.02     26.02     25.50    164.94    347.47  0
 0  9  7  8  4  6  5  2  3  1 10    6    194.65     34.06     43.10    131.64    403.45  0
 0  9  7  8  4  2  6  5  3  1 10    6    166.50     37.59     25.50    137.17    366.76  0
 0  9  7  8  4  3  6  2  5  1 10    6    137.58     23.43     25.50    142.27    328.77  0
 0  9  7  8  4  1  6  2  3  5 10    6    160.83     34.06     25.50    153.18    373.57  0
 0  9  7  8  4 10  6  2  3  1  5    6    130.50     23.43     25.50    160.63    340.06  0
 0  9  7  8  5  4  6  2  3  1 10    5    120.09     20.52     25.50    165.41    331.51  0
 0  9  7  8  6  5  4  2  3  1 10    5    147.95     34.06     43.10    146.14    371.25  0
 0  9  7  8  2  5  6  4  3  1 10    5    131.85     37.59     25.50    148.34    343.27  0
 0  9  7  8  3  5  6  2  4  1 10    5    132.02     23.43     25.50    156.77    337.71  0
 0  9  7  8  1  5  6  2  3  4 10    5    114.53     34.06     25.50    167.68    341.77  0
 0  9  7  8 10  5  6  2  3  1  4    5    130.49     20.00     25.50    163.84    339.82  0
 0  9  7  1  4  5  6  2  8  3 10    4    108.61     27.46     25.50    191.11    352.68  0
 0  9  7 10  4  5  6  2  8  1  3    4    128.01     20.00     25.50    170.13    343.64  0
 0  9  8  3  4  5  6  7  2  1 10    3     86.37      5.39     25.50    188.94    306.20  1
 0  9  8  3  4  5  6  7  2  1 10    4    131.32     23.43     25.50    165.51    345.75  0
 0  9  8  4  3  5  6  7  2  1 10    4    109.80     20.00     25.50    186.04    341.34  0
 0  9  8  5  4  3  6  7  2  1 10    4    119.39     20.52     25.50    168.42    333.83  0
 0  9  8  6  4  5  3  7  2  1 10    4    147.25     34.06     43.10    154.88    379.30  0
 0  9  8  7  4  5  6  3  2  1 10    4     91.76     26.42     25.50    180.20    323.87  1
 0  9  8  7  4  5  6  3  2  1 10    5    118.18     20.00     25.50    165.70    329.37  0
 0  9  8  7  5  4  6  3  2  1 10    5    129.77     20.52     25.50    165.41    341.19  0
 0  9  8  7  6  5  4  3  2  1 10    5    150.96     34.06     43.10    146.14    374.26  0
 0  9  8  7  3  5  6  4  2  1 10    5    136.93     23.43     25.50    156.77    342.63  0
 0  9  8  7  2  5  6  3  4  1 10    5    140.52     37.59     25.50    148.34    351.94  0
 0  9  8  7  1  5  6  3  2  4 10    5    118.68     34.06     25.50    167.68    345.92  0
 0  9  8  7 10  5  6  3  2  1  4    5    138.08     20.00     25.50    163.84    347.42  0
 0  9  8  2  4  5  6  7  3  1 10    4    131.15     37.59     25.50    151.35    345.59  0
 0  9  8  1  4  5  6  7  2  3 10    4    113.83     26.93     25.50    194.10    360.35  0
 0  9  8 10  4  5  6  7  2  1  3    4    129.79     20.00     25.50    172.59    347.87  0
 0  9  1  3  4  5  6  7  8  2 10    3    102.92     26.93     25.50    196.50    351.84  0
 0  9 10  3  4  5  6  7  8  1  2    3    112.50     20.00     25.50    174.98    332.98  0
 0 10  2  3  4  5  6  7  8  9  1    2    106.17     20.00     25.50    195.79    347.46  0
328.77
0 6 1 2 5 10 3 4 8 7 9 
328.77 <- real length of above case
